4647	6282	5
0.038015998899936676	1.403725028038025	0.21900589764118195	0.19574399292469025	0.8546980023384094	1.0	0	0.0	0	0.0	0	0.26745471358299255	-0.37846019864082336	0.8861353993415833	-0.5236412882804871	0.699669361114502	0.4860684871673584	-0.8042286038398743	-0.5942173004150391	-0.011051211506128311
0.026531999930739403	1.3970279693603516	0.2236838936805725	0.19742800295352936	0.8484799861907959	1.0	0	0.0	0	0.0	0	0.4714985191822052	-0.394668310880661	0.7886229157447815	-0.4497678577899933	0.6567513346672058	0.6052986979484558	-0.7568354606628418	-0.6401065587997437	0.13215060532093048
0.03668300062417984	1.3844770193099976	0.2107629030942917	0.18846599757671356	0.8490470051765442	1.0	0	0.0	0	0.0	0	0.35815557837486267	-0.3809802532196045	0.8523958325386047	-0.5054618716239929	0.7368826270103455	0.44890135526657104	-0.8016519546508789	-0.5934910774230957	0.07157206535339355
0.12092199921607971	1.3997689485549927	0.20421789586544037	0.17254599928855896	0.8836709856987	1.0	0	0.0	0	0.0	0	0.014507036656141281	-0.20280331373214722	0.9791120290756226	-0.5064290761947632	0.8250343203544617	0.250695139169693	-0.8608024716377258	-0.5007439255714417	-0.0909649059176445
0.13371099531650543	1.4035520553588867	0.20604290068149567	0.17143000662326813	0.8889170289039612	1.0	0	0.0	0	0.0	0	-0.03288707509636879	-0.23548740148544312	0.9713208079338074	-0.5098605751991272	0.8426706194877625	0.17305637896060944	-0.8593352437019348	-0.4895919859409332	-0.14779233932495117
0.1202469989657402	1.4194250106811523	0.21072489023208618	0.17996400594711304	0.8876019716262817	1.0	0	0.0	0	0.0	0	0.10511261969804764	-0.33251017332077026	0.9372237920761108	-0.48833900690078735	0.796731173992157	0.3560119569301605	-0.8652240633964539	-0.49517929553985596	-0.07864310592412949
0.1249610036611557	0.07632800191640854	-0.040289007127285004	0.33929601311683655	0.5728930234909058	0.5	4	0.5	0	0.0	0	0.06928474456071854	-0.06410684436559677	-0.9955350160598755	-0.807225227355957	0.5300948023796082	0.2595902681350708	0.5452359318733215	0.838129460811615	-0.01602485217154026
0.1306850016117096	0.06809499859809875	-0.03994900360703468	0.33704298734664917	0.5722060203552246	0.5	4	0.5	0	0.0	0	0.3995445668697357	0.24125859141349792	-0.8843972086906433	-0.9428688287734985	-0.08277540653944016	-0.32271745800971985	-0.1520087867975235	0.9688277244567871	0.1956176906824112
0.11787199974060059	0.06818199902772903	-0.0402740053832531	0.3396269977092743	0.5703809857368469	0.5	4	0.5	0	0.0	0	-0.24601122736930847	0.10552527010440826	-0.9635055661201477	-0.8142264485359192	-0.325794517993927	0.4805135726928711	-0.27564018964767456	0.9453962445259094	0.17392092943191528
0.12455199658870697	0.07402800023555756	0.018843993544578552	0.3196380138397217	0.5816699862480164	0.5	4	0.5	0	0.0	0	0.013877944089472294	-0.16944390535354614	0.9854421019554138	0.9706128835678101	-0.2406461387872696	0.00028537813341245055	0.23744772374629974	0.9579039216041565	0.1613648235797882
0.11787799745798111	0.0660569965839386	0.01864299364387989	0.3175710141658783	0.5797839760780334	0.5	4	0.5	0	0.0	0	-0.4838058352470398	0.3852671980857849	0.785812497138977	0.8796914219856262	0.2536391317844391	0.40225642919540405	-0.04433966800570488	0.8859480023384094	-0.46166035532951355
0.13082200288772583	0.06647700071334839	0.018460994586348534	0.32077398896217346	0.5795810222625732	0.5	4	0.5	0	0.0	0	0.3709942102432251	0.1582924872636795	0.9150446653366089	0.9197224974632263	-0.008802548982203007	-0.3924706280231476	-0.054080504924058914	0.9873755574226379	-0.14887861907482147
-0.037891000509262085	1.4036459922790527	0.22004389762878418	0.11842799931764603	0.6602380275726318	1.0	0	0.0	0	0.0	0	-0.2423035353422165	-0.3789798617362976	0.8931199908256531	-0.8130362033843994	0.5635825395584106	0.1461055427789688	-0.5623781085014343	-0.69526207447052	-0.447595477104187
-0.036743998527526855	1.3844009637832642	0.21176689863204956	0.11290200054645538	0.6528440117835999	1.0	0	0.0	0	0.0	0	-0.3339173495769501	-0.3816986680030823	0.861861526966095	-0.792707622051239	0.6028834581375122	0.09025721251964569	-0.5575844645500183	-0.6572281718254089	-0.5071002840995789
-0.026270000264048576	1.3969730138778687	0.224405899643898	0.1121710017323494	0.6618090271949768	1.0	0	0.0	0	0.0	0	-0.4489608108997345	-0.39562463760375977	0.8011962175369263	-0.7686586976051331	0.6291710734367371	-0.11535872519016266	-0.4584539532661438	-0.6676427125930786	-0.5865775942802429
-0.12116199731826782	1.399533987045288	0.20752489566802979	0.14788399636745453	0.6375589966773987	1.0	0	0.0	0	0.0	0	0.011953435838222504	-0.20185723900794983	0.9793420433998108	-0.8670226335525513	0.4982682168483734	-0.0007135909399949014	-0.49089980125427246	-0.8544447422027588	-0.17012228071689606
-0.12035100162029266	1.4192030429840088	0.21400690078735352	0.1516750007867813	0.6450610160827637	1.0	0	0.0	0	0.0	0	-0.07962119579315186	-0.3319781422615051	0.9399207234382629	-0.863552987575531	0.49289509654045105	0.10644514858722687	-0.4986265003681183	-0.8032068610191345	-0.32592999935150146
-0.13390499353408813	1.4033130407333374	0.20969189703464508	0.15315599739551544	0.6365439891815186	1.0	0	0.0	0	0.0	0	0.06005898118019104	-0.23420962691307068	0.970329225063324	-0.8771644830703735	0.451900839805603	0.1623825579881668	-0.47652438282966614	-0.8608912825584412	-0.17829975485801697
-0.12410999834537506	0.07793499529361725	-0.050581008195877075	0.4917530119419098	0.9417870044708252	0.5	2	0.5	0	0.0	0	-0.08921734988689423	-0.06304412335157394	-0.9940149188041687	-0.7804754972457886	-0.45867323875427246	-0.4248257279396057	-0.5027125477790833	0.8643991351127625	-0.009702680632472038
-0.11638999730348587	0.07007799297571182	-0.05032900348305702	0.4914340078830719	0.9443010091781616	0.5	2	0.5	0	0.0	0	0.2343244105577469	0.08675844222307205	-0.9682794809341431	-0.9325487613677979	-0.22284482419490814	0.2840653955936432	-0.22264812886714935	0.9743258953094482	0.0334191732108593
-0.12907400727272034	0.06983999162912369	-0.04991000518202782	0.49401000142097473	0.9424639940261841	0.5	2	0.5	0	0.0	0	-0.39531809091567993	0.16755636036396027	-0.9031325578689575	-0.6735587120056152	-0.4515446126461029	0.5851719379425049	-0.3291102647781372	0.8921064138412476	0.30956846475601196
-0.12313000112771988	0.07431600242853165	0.008491994813084602	0.5113720297813416	0.932919979095459	0.5	2	0.5	0	0.0	0	-0.011435194872319698	-0.20936377346515656	0.977770984172821	0.9890655875205994	0.13198235630989075	0.06580229848623276	-0.1428712010383606	0.9681442975997925	0.2056315690279007
-0.12992699444293976	0.06773000210523605	0.007664994802325964	0.5102450251579285	0.935014009475708	0.5	2	0.5	0	0.0	0	-0.3915907144546509	0.17398607730865479	0.9035406112670898	0.8373135328292847	-0.01090643834322691	0.5466143488883972	0.10640019923448563	0.9839354157447815	-0.14335350692272186
-0.11683499813079834	0.06755000352859497	0.008131995797157288	0.5134469866752625	0.9347969889640808	0.5	2	0.5	0	0.0	0	0.46404245495796204	0.3894061744213104	0.7956302762031555	0.8108553886413574	-0.20406748354434967	-0.5485162734985352	-0.051740068942308426	0.9085738062858582	-0.4145074486732483
-0.1338530033826828	1.161736011505127	0.31965091824531555	0.8572689890861511	0.18517300486564636	1.0	0	0.0	0	0.0	0	-0.27971145510673523	0.36550819873809814	0.8877867460250854	0.9505091309547424	0.23569519817829132	0.20243576169013977	-0.1352551281452179	0.9004729986190796	-0.4133455157279968
-0.10900899767875671	1.190000057220459	0.3158419132232666	0.865227997303009	0.17804400622844696	1.0	0	0.0	0	0.0	0	-0.2797025442123413	0.36550116539001465	0.8877924680709839	0.9505113959312439	0.23569224774837494	0.2024286538362503	-0.13525788486003876	0.9004765748977661	-0.41333669424057007
-0.13204599916934967	1.1829290390014648	0.30091291666030884	0.8572689890861511	0.1771640032529831	1.0	0	0.0	0	0.0	0	-0.5620301365852356	0.5742458701133728	0.595284640789032	0.8246592879295349	0.33360475301742554	0.45677676796913147	0.06371237337589264	0.7476292848587036	-0.6610531210899353
-0.10556100308895111	1.161939024925232	0.3178988993167877	0.865227997303009	0.18605199456214905	1.0	0	0.0	0	0.0	0	0.06103102117776871	0.08043095469474792	0.9948899745941162	0.9907042980194092	0.11652382463216782	-0.07019451260566711	-0.12157419323921204	0.9899258017539978	-0.07257172465324402
-0.0908529981970787	1.1441750526428223	0.32767990231513977	0.8443289995193481	0.1850389987230301	1.0	0	0.0	0	0.0	0	-0.44251367449760437	0.13656602799892426	0.8863021731376648	0.8376219868659973	-0.29002687335014343	0.462897390127182	0.3202674686908722	0.947224497795105	0.013950148597359657
-0.10798899829387665	1.1751470565795898	0.3143519163131714	0.836368978023529	0.17791099846363068	1.0	0	0.0	0	0.0	0	-0.4425090253353119	0.13656938076019287	0.8863039016723633	0.8376235365867615	-0.290027379989624	0.4628940224647522	0.32026952505111694	0.9472237825393677	0.013946011662483215
-0.10989899933338165	1.1478359699249268	0.30700692534446716	0.836368978023529	0.18591900169849396	1.0	0	0.0	0	0.0	0	-0.7406152486801147	-0.12572142481803894	0.6600630879402161	0.6685373187065125	-0.23645545542240143	0.7050862908363342	0.06743106245994568	0.9634743928909302	0.2591719627380371
-0.08062800019979477	1.168921947479248	0.3183719217777252	0.8443289995193481	0.1770309954881668	1.0	0	0.0	0	0.0	0	-0.05200796201825142	0.3703267276287079	0.9274445176124573	0.9312261343002319	-0.31746360659599304	0.17898258566856384	0.3607119023799896	0.8729690909385681	-0.3283472955226898
-0.1175680011510849	1.1246110200881958	0.30020689964294434	0.823324978351593	0.1768999993801117	1.0	0	0.0	0	0.0	0	-0.9351015090942383	0.21519680321216583	0.2815592288970947	-0.35434120893478394	-0.5795442461967468	-0.7338738441467285	0.005248724948614836	-0.7860144376754761	0.6181857585906982
-0.10723800212144852	1.1603120565414429	0.3072279095649719	0.8153650164604187	0.1840289980173111	1.0	0	0.0	0	0.0	0	-0.9351022243499756	0.21519753336906433	0.2815563976764679	-0.35433945059776306	-0.5795446634292603	-0.7338743209838867	0.005246580112725496	-0.7860140800476074	0.6181864142417908
-0.10788799822330475	1.1451770067214966	0.28326889872550964	0.823324978351593	0.18490800261497498	1.0	0	0.0	0	0.0	0	-0.9379199147224426	0.3041671812534332	-0.16669902205467224	-0.06078164279460907	-0.6173015832901001	-0.7843751311302185	-0.34148475527763367	-0.7255488634109497	0.5974672436714172
-0.09934700280427933	1.1357029676437378	0.31887590885162354	0.8153650164604187	0.17602099478244781	1.0	0	0.0	0	0.0	0	-0.7369838953018188	0.08128334581851959	0.6710050106048584	-0.6159505844116211	-0.4895417392253876	-0.617214560508728	0.2783156931400299	-0.8681831359863281	0.4108509123325348
0.015344999730587006	1.6751949787139893	0.1742548793554306	0.1336199939250946	0.10802999883890152	1.0	0	0.0	0	0.0	0	0.049669455736875534	0.39144641160964966	0.9188594818115234	-0.8835414052009583	0.3274710774421692	-0.3348393142223358	-0.4431685209274292	-0.8158316612243652	0.37151089310646057
-0.017017999663949013	1.6751619577407837	0.1746978759765625	0.13759799301624298	0.10486400127410889	1.0	0	0.0	0	0.0	0	0.011990572325885296	0.4205809235572815	0.9071758985519409	-0.9506680369377136	0.2522622346878052	-0.18053863942623138	-0.30550718307495117	-0.8623183369636536	0.40382230281829834
-0.000707999977748841	1.6577390432357788	0.18255987763404846	0.13433299958705902	0.10112199932336807	1.0	0	0.0	0	0.0	0	0.04450719431042671	0.3955288231372833	0.9173745512962341	-0.8800751566886902	0.4416888356208801	-0.17429473996162415	-0.4742734730243683	-0.799838662147522	0.36786261200904846
-0.020059000700712204	1.6745959520339966	-0.04022112488746643	0.135220006108284	0.17876799404621124	1.0	0	0.0	0	0.0	0	-0.011912819929420948	0.5613574981689453	-0.8274876475334167	-0.9556915760040283	0.2052965760231018	0.2109668105840683	0.2886400818824768	0.7942494750022888	0.5346537828445435
0.012507000006735325	1.674630045890808	-0.040667127817869186	0.13100099563598633	0.17563100159168243	1.0	0	0.0	0	0.0	0	-0.00675166305154562	0.7759594917297363	-0.630746603012085	-0.9050268530845642	0.2416524887084961	0.35004353523254395	0.42419764399528503	0.573417603969574	0.7008913159370422
-0.003898999886587262	1.6596189737319946	-0.0506141260266304	0.13183200359344482	0.1828480064868927	1.0	0	0.0	0	0.0	0	0.007999945431947708	0.5462762713432312	-0.8375668525695801	-0.885511040687561	0.38593536615371704	0.2586970329284668	0.46460554003715515	0.7396669983863831	0.48686182498931885
0.01357599999755621	1.3551089763641357	0.23372289538383484	0.18694600462913513	0.8270779848098755	1.0	0	0.0	0	0.0	0	0.26735711097717285	0.503507673740387	0.8215838670730591	-0.7871596813201904	0.6082345843315125	-0.10212884843349457	-0.551177442073822	-0.6194567084312439	0.5589963793754578
0.026813000440597534	1.3522670269012451	0.23112089931964874	0.18131600320339203	0.8304650187492371	1.0	0	0.0	0	0.0	0	0.6421886086463928	0.5991030931472778	0.4781937897205353	-0.6723278164863586	0.7396664023399353	-0.029478274285793304	-0.37136581540107727	-0.3025735020637512	0.8778022527694702
0.010769999586045742	1.384361982345581	0.22213689982891083	0.1965389996767044	0.8388969898223877	1.0	0	0.0	0	0.0	0	0.5879356265068054	-0.05392500385642052	0.8071082830429077	-0.584219753742218	0.7283157110214233	0.3581109642982483	-0.609825074672699	-0.6850904226303101	0.39845260977745056
0.005497999954968691	1.3843430280685425	0.22607389092445374	0.1988449990749359	0.836575984954834	1.0	0	0.0	0	0.0	0	0.5576334595680237	0.005481129512190819	0.8300693035125732	-0.6635472774505615	0.7051327228546143	0.24998585879802704	-0.591428816318512	-0.6990435719490051	0.4019327461719513
0.014511999674141407	1.4050840139389038	0.2289188951253891	0.20437300205230713	0.8465309739112854	1.0	0	0.0	0	0.0	0	0.24051563441753387	-0.2707807719707489	0.932110607624054	-0.5715277194976807	0.7516422271728516	0.3292263448238373	-0.7902218103408813	-0.6122674942016602	0.02603812702000141
0.0073640001937747	1.4011950492858887	0.2295949012041092	0.20512999594211578	0.8425940275192261	1.0	0	0.0	0	0.0	0	0.1858825832605362	-0.1525268405675888	0.9706612825393677	-0.6105314493179321	0.7469140887260437	0.26338323950767517	-0.7654789090156555	-0.6418336033821106	0.04573412612080574
0.0249790009111166	1.363103985786438	0.20920789241790771	0.18414799869060516	0.8404189944267273	1.0	0	0.0	0	0.0	0	0.8603923320770264	0.4036630392074585	0.31109702587127686	-0.4982769191265106	0.8300701379776001	0.25040698051452637	-0.15717178583145142	-0.37050661444664	0.9154353141784668
0.023632999509572983	1.377998948097229	0.21309588849544525	0.1896589994430542	0.8429210186004639	1.0	0	0.0	0	0.0	0	0.43777909874916077	-0.25589680671691895	0.8618969321250916	-0.46957677602767944	0.7866341471672058	0.4008796215057373	-0.7820544838905334	-0.5813184976577759	0.2246319055557251
0.038176000118255615	1.336195945739746	0.23004689812660217	0.17204000055789948	0.8310269713401794	1.0	0	0.0	0	0.0	0	0.7414093017578125	0.6006490588188171	0.2992205023765564	-0.5792973637580872	0.8151151537895203	0.0013554603792726994	-0.2435312122106552	-0.17466261982917786	0.9540364146232605
0.0365229994058609	1.3417969942092896	0.21522589027881622	0.17474199831485748	0.8373540043830872	1.0	0	0.0	0	0.0	0	0.7516726851463318	0.633145809173584	0.18470175564289093	-0.6719849109649658	0.7381329536437988	-0.059967536479234695	-0.1745109111070633	-0.07913527637720108	0.9814700484275818
0.026531999930739403	1.3970279693603516	0.2236838936805725	0.19742800295352936	0.8484799861907959	1.0	0	0.0	0	0.0	0	0.21802113950252533	-0.36781585216522217	0.9039791822433472	-0.5525844097137451	0.7042561173439026	0.4457284212112427	-0.8007984757423401	-0.5968666672706604	-0.049720220267772675
0.048082999885082245	1.3245060443878174	0.23095989227294922	0.1649940013885498	0.8308129906654358	1.0	0	0.0	0	0.0	0	0.6062499284744263	0.6099410057067871	0.5103264451026917	-0.6987345218658447	0.7134769558906555	-0.052161384373903275	-0.3959663212299347	-0.3249966502189636	0.8588293790817261
0.057989999651908875	1.3128149509429932	0.23187389969825745	0.15764999389648438	0.8303369879722595	1.0	0	0.0	0	0.0	0	0.6813719868659973	0.48869284987449646	0.5448960065841675	-0.6292957663536072	0.7758354544639587	0.04545552283525467	-0.4006597399711609	-0.3739885091781616	0.8364235162734985
0.05513999983668327	1.327301025390625	0.22200189530849457	0.16380399465560913	0.8362150192260742	1.0	0	0.0	0	0.0	0	0.5184387564659119	0.6195788979530334	0.5893584489822388	-0.6934990286827087	0.7180453538894653	-0.05890725925564766	-0.4602741003036499	-0.37866535782814026	0.802969753742218
0.045830998569726944	1.3345489501953125	0.2186138927936554	0.16944900155067444	0.8367800116539001	1.0	0	0.0	0	0.0	0	0.561194121837616	0.7405940890312195	0.36956945061683655	-0.7546599507331848	0.6425356864929199	-0.13280153274536133	-0.3358153700828552	-0.20437294244766235	0.9194889068603516
0.0336030013859272	1.3756790161132812	0.2089138925075531	0.18613800406455994	0.8458849787712097	1.0	0	0.0	0	0.0	0	0.3402160704135895	-0.30955278873443604	0.8879358768463135	-0.4838101863861084	0.752852201461792	0.4462524354457855	-0.8066239953041077	-0.5814152359962463	0.10636773705482483
0.023632999509572983	1.377998948097229	0.21309588849544525	0.1896589994430542	0.8429210186004639	1.0	0	0.0	0	0.0	0	0.27758389711380005	-0.38986170291900635	0.8780404329299927	-0.4633639454841614	0.735447108745575	0.49437975883483887	-0.8386393785476685	-0.5441797375679016	0.02350453846156597
0.0249790009111166	1.363103985786438	0.20920789241790771	0.18414799869060516	0.8404189944267273	1.0	0	0.0	0	0.0	0	0.22985246777534485	0.06441499292850494	0.9710914492607117	-0.587480902671814	0.7861939668655396	0.19174252450466156	-0.7550382614135742	-0.6177801489830017	0.21969269216060638
0.033121999353170395	1.3643590211868286	0.20742890238761902	0.18265900015830994	0.8432559967041016	1.0	0	0.0	0	0.0	0	0.24878358840942383	0.10957376658916473	0.9623410701751709	-0.5952470898628235	0.7863052487373352	0.16554440557956696	-0.7420814633369446	-0.6169476509094238	0.26208892464637756
0.0365229994058609	1.3417969942092896	0.21522589027881622	0.17474199831485748	0.8373540043830872	1.0	0	0.0	0	0.0	0	0.3682389557361603	0.5708532929420471	0.7338436841964722	-0.7100130319595337	0.7038703560829163	-0.021167071536183357	-0.5327807068824768	-0.5172894597053528	0.669743537902832
0.039368998259305954	1.3486690521240234	0.20776589214801788	0.17619599401950836	0.8413810133934021	1.0	0	0.0	0	0.0	0	0.39042773842811584	0.29894164204597473	0.8707468509674072	-0.6650646328926086	0.7426064610481262	-0.07889726012945175	-0.6740313768386841	-0.5514272451400757	0.4915379285812378
0.04696099832653999	1.3422640562057495	0.20835790038108826	0.17201699316501617	0.84198397397995	1.0	0	0.0	0	0.0	0	0.3226723372936249	0.46285906434059143	0.8256173729896545	-0.7086560726165771	0.6884666085243225	-0.15433833003044128	-0.6402954459190369	-0.5356533527374268	0.5505427122116089
0.045830998569726944	1.3345489501953125	0.2186138927936554	0.16944900155067444	0.8367800116539001	1.0	0	0.0	0	0.0	0	0.36431753635406494	0.7085225582122803	0.6043744683265686	-0.7489878535270691	0.6490430235862732	-0.13326777517795563	-0.48946934938430786	-0.4064265787601471	0.7715162038803101
0.05513999983668327	1.327301025390625	0.22200189530849457	0.16380399465560913	0.8362150192260742	1.0	0	0.0	0	0.0	0	0.5230134725570679	0.7104634642601013	0.47084876894950867	-0.7337579727172852	0.662104606628418	-0.1523706614971161	-0.4200514853000641	-0.26582658290863037	0.867694079875946
0.054552000015974045	1.3358579874038696	0.20894989371299744	0.16749800741672516	0.8425589799880981	1.0	0	0.0	0	0.0	0	0.38945257663726807	0.5390638113021851	0.7468178272247314	-0.710509181022644	0.6851241588592529	-0.1605665385723114	-0.5984415411949158	-0.46826237440109253	0.650075376033783
0.07229500263929367	1.319659948348999	0.21166589856147766	0.15580099821090698	0.843034029006958	1.0	0	0.0	0	0.0	0	0.31689053773880005	0.418811172246933	0.8509863615036011	-0.6849752068519592	0.7231045961380005	-0.08904370665550232	-0.6526772975921631	-0.5547152161598206	0.5160460472106934
0.07795900106430054	1.3311129808425903	0.20650289952754974	0.15836800634860992	0.849494993686676	1.0	0	0.0	0	0.0	0	0.16345305740833282	0.2603326141834259	0.9515829086303711	-0.6588179469108582	0.7487419247627258	-0.07310619950294495	-0.7316361665725708	-0.6150664687156677	0.29394182562828064
0.0963520035147667	1.320464015007019	0.2038739025592804	0.14847999811172485	0.8535280227661133	1.0	0	0.0	0	0.0	0	0.1991245597600937	0.04462010785937309	0.9789578318595886	-0.6076682209968567	0.7923209071159363	0.054471131414175034	-0.773622453212738	-0.6060447692871094	0.18498140573501587
0.09721899777650833	1.3348100185394287	0.20398589968681335	0.1540299952030182	0.8580750226974487	1.0	0	0.0	0	0.0	0	0.19519270956516266	-0.06437863409519196	0.9786497354507446	-0.5811023712158203	0.8059614300727844	0.11289911717176437	-0.7972211837768555	-0.591622531414032	0.12008783221244812
0.11843699961900711	1.3334540128707886	0.1992449015378952	0.14746099710464478	0.8664069771766663	1.0	0	0.0	0	0.0	0	0.1433296799659729	0.0005710336263291538	0.9896748661994934	-0.5503572225570679	0.8325039744377136	0.06359433382749557	-0.8239704370498657	-0.5538558959960938	0.11965110152959824
0.11375299841165543	1.3457809686660767	0.1997418999671936	0.15362100303173065	0.8677049875259399	1.0	0	0.0	0	0.0	0	0.2758404016494751	-0.17957188189029694	0.944280743598938	-0.49042385816574097	0.8366543650627136	0.24391375482082367	-0.8351097106933594	-0.5311887860298157	0.1429346203804016
0.1327349990606308	1.3549129962921143	0.20005390048027039	0.15268300473690033	0.8773540258407593	1.0	0	0.0	0	0.0	0	0.0012718916404992342	-0.019367769360542297	0.999811589717865	-0.5292875170707703	0.8483933210372925	0.00914414506405592	-0.8484374284744263	-0.5292162299156189	-0.009172344580292702
0.1245110034942627	1.3639030456542969	0.2001919001340866	0.15824200212955475	0.8762959837913513	1.0	0	0.0	0	0.0	0	0.2706044614315033	-0.13860507309436798	0.9526603817939758	-0.20045484602451324	0.9543325901031494	0.22151140868663788	-0.9401397705078125	-0.25098273158073425	0.23053184151649475
0.13653500378131866	1.3787740468978882	0.200130894780159	0.16132299602031708	0.8847740292549133	1.0	0	0.0	0	0.0	0	0.11797156184911728	-0.13900762796401978	0.9832393527030945	-0.528780996799469	0.8439246416091919	0.09045474976301193	-0.8458442687988281	-0.5327879786491394	0.02616247534751892
0.12574799358844757	1.3820890188217163	0.20226790010929108	0.16494999825954437	0.881525993347168	1.0	0	0.0	0	0.0	0	0.12271209806203842	-0.16350431740283966	0.9788810610771179	-0.5729027390480042	0.8098191618919373	0.1263938993215561	-0.8159317374229431	-0.5781199336051941	0.00572040444239974
0.1261409968137741	1.2542409896850586	0.19371691346168518	0.10819700360298157	0.8495060205459595	1.0	0	0.0	0	0.0	0	0.5480057001113892	-0.10494878143072128	0.8298647403717041	-0.36679354310035706	0.8726642727851868	0.32236558198928833	-0.7582635283470154	-0.48119843006134033	0.439868688583374
0.11973399668931961	1.2815070152282715	0.20004190504550934	0.12367700040340424	0.8527119755744934	1.0	0	0.0	0	0.0	0	0.49455633759498596	-0.08320204168558121	0.8651540279388428	-0.3881951868534088	0.8623273968696594	0.3251092731952667	-0.7732146978378296	-0.4967098534107208	0.3942314684391022
0.08872299641370773	1.2639960050582886	0.21059690415859222	0.12439099699258804	0.8319799900054932	1.0	0	0.0	0	0.0	0	0.6003050208091736	-0.08078417181968689	0.7956807017326355	-0.4482840299606323	0.8020185232162476	0.39472484588623047	-0.6701698899269104	-0.5937629342079163	0.4453290104866028
0.08915500342845917	1.2351880073547363	0.20746490359306335	0.10887499898672104	0.8213310241699219	1.0	0	0.0	0	0.0	0	0.6190804243087769	0.13667523860931396	0.7733429074287415	-0.4240036606788635	0.8866756558418274	0.18446484208106995	-0.6604931950569153	-0.4420992136001587	0.606874942779541
0.07229500263929367	1.319659948348999	0.21166589856147766	0.15580099821090698	0.843034029006958	1.0	0	0.0	0	0.0	0	0.49384114146232605	0.460356205701828	0.737694501876831	-0.6406208276748657	0.7670708894729614	-0.034744229167699814	-0.5818947553634644	-0.455452561378479	0.6737666726112366
0.07473500072956085	1.29414701461792	0.225990891456604	0.14469000697135925	0.8324769735336304	1.0	0	0.0	0	0.0	0	0.6508369445800781	0.22378920018672943	0.7254858016967773	-0.5455390810966492	0.8132935762405396	0.20233795046806335	-0.5449397563934326	-0.5276517868041992	0.6516318917274475
0.10433200001716614	1.3015509843826294	0.2088368982076645	0.1379850059747696	0.8500509858131409	1.0	0	0.0	0	0.0	0	0.3961103558540344	0.12419665604829788	0.9097647070884705	-0.5433395504951477	0.8288020491600037	0.13367630541324615	-0.7374447584152222	-0.5472855567932129	0.3957952558994293
0.0963520035147667	1.320464015007019	0.2038739025592804	0.14847999811172485	0.8535280227661133	1.0	0	0.0	0	0.0	0	0.25908684730529785	0.2873426377773285	0.9221215844154358	-0.6279435753822327	0.7752265334129333	-0.06863460689783096	-0.7345786094665527	-0.5612609386444092	0.38128796219825745
0.12893299758434296	1.3186800479888916	0.19609089195728302	0.13821199536323547	0.8671290278434753	1.0	0	0.0	0	0.0	0	0.3611985146999359	-0.06791762262582779	0.9300122857093811	-0.4683166444301605	0.86006760597229	0.20239347219467163	-0.8142499327659607	-0.5090385675430298	0.27906426787376404
0.11843699961900711	1.3334540128707886	0.1992449015378952	0.14746099710464478	0.8664069771766663	1.0	0	0.0	0	0.0	0	0.17225788533687592	-0.08573080599308014	0.9813141822814941	-0.515836238861084	0.8517547249794006	0.09179806709289551	-0.8458918333053589	-0.5233609080314636	0.10276360809803009
0.14061099290847778	1.344377040863037	0.19785790145397186	0.14657899737358093	0.8780760169029236	1.0	0	0.0	0	0.0	0	0.4114467203617096	-0.1012100875377655	0.9057968854904175	-0.4431500732898712	0.8552284240722656	0.26870495080947876	-0.8021197319030762	-0.5121282935142517	0.30712953209877014
0.1327349990606308	1.3549129962921143	0.20005390048027039	0.15268300473690033	0.8773540258407593	1.0	0	0.0	0	0.0	0	0.19602738320827484	-0.060621052980422974	0.9787228107452393	-0.48986077308654785	0.8500100374221802	0.19369912147521973	-0.8444123864173889	-0.5178657174110413	0.13705043494701385
0.14060600101947784	1.3775019645690918	0.19886089861392975	0.15978099405765533	0.8861010074615479	1.0	0	0.0	0	0.0	0	0.5052483677864075	-0.07577808201313019	0.8596404790878296	-0.4139176905155182	0.8487709760665894	0.3290289044380188	-0.7546043992042542	-0.5220847725868225	0.39749184250831604
0.13653500378131866	1.3787740468978882	0.200130894780159	0.16132299602031708	0.8847740292549133	1.0	0	0.0	0	0.0	0	0.26433849334716797	-0.12680429220199585	0.9560574889183044	-0.4666377305984497	0.8410623669624329	0.27361181378364563	-0.8392177820205688	-0.5187174677848816	0.16323493421077728
0.14054200053215027	1.4148499965667725	0.205969899892807	0.17395900189876556	0.8935840129852295	1.0	0	0.0	0	0.0	0	0.5857442021369934	-0.03465423360466957	0.8097549080848694	-0.4854167103767395	0.8150995969772339	0.3162015676498413	-0.6720632314682007	-0.5792079567909241	0.4613558053970337
0.13371099531650543	1.4035520553588867	0.20604290068149567	0.17143000662326813	0.8889170289039612	1.0	0	0.0	0	0.0	0	0.2822670042514801	-0.1867895871400833	0.9409756064414978	-0.4899516999721527	0.8074590563774109	0.32856833934783936	-0.8213375210762024	-0.5538879632949829	0.1364286094903946
0.11823900043964386	1.4426050186157227	0.2171468883752823	0.188510000705719	0.8919540047645569	1.0	0	0.0	0	0.0	0	0.47326043248176575	0.07955062389373779	0.8773233294487	-0.5663518309593201	0.7891507148742676	0.23766958713531494	-0.6734371781349182	-0.6093565821647644	0.4185296893119812
0.1202469989657402	1.4194250106811523	0.21072489023208618	0.17996400594711304	0.8876019716262817	1.0	0	0.0	0	0.0	0	0.09706269949674606	-0.27335086464881897	0.9570048451423645	-0.5296213626861572	0.8137307167053223	0.23946529626846313	-0.845045804977417	-0.5306230187416077	-0.06585530191659927
0.01334800012409687	1.4311209917068481	0.23194389045238495	0.2144549936056137	0.8541859984397888	1.0	0	0.0	0	0.0	0	-0.005289418622851372	0.012935929000377655	0.9999023079872131	-0.6834728121757507	0.7299754619598389	0.0008799280039966106	-0.7299637198448181	-0.6834678053855896	0.0049806940369307995
0.018825000151991844	1.47849702835083	0.22771289944648743	0.22872400283813477	0.8717330098152161	1.0	0	0.0	0	0.0	0	-0.01140383630990982	0.3475226163864136	0.9376023411750793	-0.7585789561271667	0.6095173954963684	-0.23031823337078094	-0.6515323519706726	-0.7138791680335999	0.256675124168396
9.300000237999484e-05	1.4783600568771362	0.2274968922138214	0.23535199463367462	0.8658750057220459	1.0	0	0.0	0	0.0	0	-0.009797196835279465	0.3461775481700897	0.9381178617477417	-0.764834463596344	0.6088431477546692	-0.21056681871414185	-0.644198477268219	-0.7197223901748657	0.25885912775993347
0.0001990000018849969	1.432479977607727	0.2317608892917633	0.21916300058364868	0.8499600291252136	1.0	0	0.0	0	0.0	0	-0.010880112648010254	0.029331153258681297	0.9995105862617493	-0.685184895992279	0.7283690571784973	0.00045427228906191885	-0.72831130027771	-0.6851381659507751	0.012177743948996067
0.14013700187206268	1.3044819831848145	0.18885590136051178	0.12838700413703918	0.8694760203361511	1.0	0	0.0	0	0.0	0	0.5568975806236267	-0.15406830608844757	0.8161666393280029	-0.32836470007896423	0.864513635635376	0.3805164396762848	-0.7642242908477783	-0.4799162745475769	0.4308614730834961
0.1558839976787567	1.3288190364837646	0.18461789190769196	0.13533900678157806	0.8822680115699768	1.0	0	0.0	0	0.0	0	0.6334859728813171	-0.1275601089000702	0.763167142868042	-0.35085439682006836	0.847777247428894	0.3977121412754059	-0.6979801058769226	-0.5198934674263	0.4924779534339905
0.09314899891614914	1.446781039237976	0.22536788880825043	0.1963150054216385	0.8849300146102905	1.0	0	0.0	0	0.0	0	0.2307337373495102	-0.05694231763482094	0.97134929895401	-0.6232767105102539	0.7556794285774231	0.20118364691734314	-0.7455119490623474	-0.6518632769584656	0.13887500762939453
0.0979280024766922	1.473031997680664	0.219342902302742	0.20255500078201294	0.8936820030212402	1.0	0	0.0	0	0.0	0	0.41320928931236267	0.44921180605888367	0.7921280860900879	-0.7213655114173889	0.6922672986984253	-0.019945090636610985	-0.5573262572288513	-0.5631747245788574	0.610099732875824
0.06838399916887283	1.4768919944763184	0.2258199006319046	0.21194300055503845	0.8860759735107422	1.0	0	0.0	0	0.0	0	0.1601744443178177	0.3965584635734558	0.9039278626441956	-0.7580572366714478	0.6396806836128235	-0.1271139532327652	-0.628727912902832	-0.6649686694145203	0.40313515067100525
0.05879899859428406	1.4385449886322021	0.2299818992614746	0.20302900671958923	0.8718330264091492	1.0	0	0.0	0	0.0	0	0.12842528522014618	-0.12079716473817825	0.9843348860740662	-0.6489554643630981	0.7342560887336731	0.19931094348430634	-0.7470478415489197	-0.6645798087120056	0.01590970903635025
0.15210500359535217	1.3767410516738892	0.18788789212703705	0.155458003282547	0.8919780254364014	1.0	0	0.0	0	0.0	0	0.7557074427604675	-0.01772327721118927	0.654669463634491	-0.3306552469730377	0.8530973196029663	0.4035988450050354	-0.5656500458717346	-0.5214727520942688	0.6388319730758667
0.15137599408626556	1.4278130531311035	0.19295190274715424	0.17467500269412994	0.9019849896430969	1.0	0	0.0	0	0.0	0	0.7564305067062378	0.13145209848880768	0.6407285928726196	-0.4362597167491913	0.8265459537506104	0.355667382478714	-0.48284876346588135	-0.5485734939575195	0.6825864315032959
0.12906000018119812	1.4608709812164307	0.1988568902015686	0.19053000211715698	0.9028099775314331	1.0	0	0.0	0	0.0	0	0.636904239654541	0.4049251675605774	0.6560400724411011	-0.6380066871643066	0.7611864805221558	0.11637283861637115	-0.452353835105896	-0.49279317259788513	0.7433241605758667
0.0375560000538826	1.478633999824524	0.22792989015579224	0.22209599614143372	0.8775910139083862	1.0	0	0.0	0	0.0	0	0.045380350202322006	0.36467960476875305	0.9300265908241272	-0.7582723498344421	0.6192195415496826	-0.20393726229667664	-0.6502633690834045	-0.6959596276283264	0.30462729930877686
0.02649500034749508	1.430006980895996	0.23205089569091797	0.20974700152873993	0.8584129810333252	1.0	0	0.0	0	0.0	0	0.08748205751180649	-0.09588941186666489	0.9915403127670288	-0.6640436053276062	0.7385630011558533	0.11649396270513535	-0.7435522675514221	-0.6686771512031555	0.0009363464778289199
0.1563500016927719	1.2848520278930664	0.16983889043331146	0.11321300268173218	0.8756120204925537	1.0	0	0.0	0	0.0	0	0.6829323172569275	-0.20796430110931396	0.7002530097961426	-0.22212500870227814	0.8658156991004944	0.4483567476272583	-0.6996430158615112	-0.46181413531303406	0.5451857447624207
0.1611350029706955	1.3784739971160889	0.17512089014053345	0.15241999924182892	0.8983820080757141	1.0	0	0.0	0	0.0	0	0.8056707382202148	0.03449416905641556	0.5913586020469666	-0.3067772686481476	0.8656331300735474	0.3956855237483978	-0.4983201324939728	-0.5002772212028503	0.7080958485603333
0.158160001039505	1.4378050565719604	0.18141590058803558	0.17539599537849426	0.9086229801177979	1.0	0	0.0	0	0.0	0	0.8269169926643372	0.22120822966098785	0.516986608505249	-0.4409210681915283	0.8401352167129517	0.3158501982688904	-0.36451369524002075	-0.4891907572746277	0.7923523783683777
0.12958300113677979	1.478667974472046	0.18657389283180237	0.19531700015068054	0.9100469946861267	1.0	0	0.0	0	0.0	0	0.5803488492965698	0.49273860454559326	0.6483857035636902	-0.6738472580909729	0.7358319163322449	0.06694243103265762	-0.4441671073436737	-0.4758157730102539	0.7591540813446045
0.09048599749803543	1.5043740272521973	0.19131188094615936	0.2141920030117035	0.9062219858169556	1.0	0	0.0	0	0.0	0	0.3920458257198334	0.6456317901611328	0.6553317308425903	-0.7850606441497803	0.6056961417198181	-0.12966084480285645	-0.4806457459926605	-0.46364283561706543	0.7443218231201172
0.0532350018620491	1.515928030014038	0.19534988701343536	0.22952799499034882	0.8992760181427002	1.0	0	0.0	0	0.0	0	0.21041971445083618	0.6552494764328003	0.725514829158783	-0.8065166473388672	0.5403405427932739	-0.23992286622524261	-0.5492634177207947	-0.5346835851669312	0.642201840877533
0.17266899347305298	1.3224899768829346	0.16725990176200867	0.1268160045146942	0.8906260132789612	1.0	0	0.0	0	0.0	0	0.746361255645752	-0.08932095766067505	0.6595200896263123	-0.2782394289970398	0.8599569797515869	0.4278515577316284	-0.6053766012191772	-0.5028376579284668	0.6169875264167786
0.09025099873542786	1.5170869827270508	0.17879988253116608	0.21814100444316864	0.9126549959182739	1.0	0	0.0	0	0.0	0	0.37875595688819885	0.6528737545013428	0.655972421169281	-0.7988543510437012	0.5889376997947693	-0.12240996956825256	-0.46624577045440674	-0.477663516998291	0.7446156144142151
0.09572699666023254	1.5331629514694214	0.15938888490200043	0.22122099995613098	0.9232940077781677	1.0	0	0.0	0	0.0	0	0.3956175744533539	0.6687519550323486	0.6294899582862854	-0.7994936108589172	0.5928035974502563	-0.09692278504371643	-0.438061386346817	-0.46501392126083374	0.7693272233009338
0.060552000999450684	1.5445530414581299	0.16369788348674774	0.2364169955253601	0.9172139763832092	1.0	0	0.0	0	0.0	0	0.2715102434158325	0.725618839263916	0.6322653889656067	-0.8428563475608826	0.4993627071380615	-0.20057429373264313	-0.46128055453300476	-0.4784616231918335	0.7471911907196045
0.05648599937558174	1.5300209522247314	0.18082088232040405	0.2330559939146042	0.9076189994812012	1.0	0	0.0	0	0.0	0	0.2592485249042511	0.6818518042564392	0.6840090751647949	-0.8255230188369751	0.5249531865119934	-0.2072099894285202	-0.5003604292869568	-0.510947585105896	0.6989793181419373
0.16384199261665344	1.4444149732589722	0.16530589759349823	0.17481400072574615	0.9160289764404297	1.0	0	0.0	0	0.0	0	0.8877770304679871	0.28049302101135254	0.3649323880672455	-0.41142696142196655	0.8590170741081238	0.30465948581695557	-0.22804796695709229	-0.4206489622592926	0.8780937194824219
0.16850799322128296	1.4480019807815552	0.14636988937854767	0.17314200103282928	0.9241179823875427	1.0	0	0.0	0	0.0	0	0.9194812178611755	0.2975215017795563	0.25697359442710876	-0.37019726634025574	0.8791220188140869	0.30016404390335083	-0.13660608232021332	-0.371126651763916	0.9184791445732117
0.13361699879169464	1.503240942955017	0.15837788581848145	0.20082800090312958	0.9244509935379028	1.0	0	0.0	0	0.0	0	0.6902599334716797	0.5597726106643677	0.4584711492061615	-0.6100898385047913	0.7839933037757874	0.11465191096067429	-0.2959916591644287	-0.3597382605075836	0.8848599791526794
0.1307239979505539	1.4908310174942017	0.17489688098430634	0.1983020007610321	0.9162399768829346	1.0	0	0.0	0	0.0	0	0.615781843662262	0.541540265083313	0.5723171234130859	-0.6880783438682556	0.7234132885932922	0.056757669895887375	-0.3832853138446808	-0.4287494122982025	0.8180869817733765
0.13698799908161163	1.2291909456253052	0.18284091353416443	0.09284000098705292	0.8507170081138611	1.0	0	0.0	0	0.0	0	0.6355261206626892	0.016104061156511307	0.7719113826751709	-0.3184463679790497	0.9123395681381226	0.2573487460613251	-0.700143039226532	-0.40938887000083923	0.5849791169166565
0.10139600187540054	1.2099980115890503	0.20992490649223328	0.09117399901151657	0.8227450251579285	1.0	0	0.0	0	0.0	0	0.5996685028076172	0.19327639043331146	0.7765578627586365	-0.32491952180862427	0.9457368850708008	-0.00303738028742373	-0.7350826859474182	-0.2505233585834503	0.6299932599067688
0.17990900576114655	1.3953709602355957	0.13524790108203888	0.14963500201702118	0.9197909832000732	1.0	0	0.0	0	0.0	0	0.934592604637146	0.14631925523281097	0.32423341274261475	-0.26970145106315613	0.8889456987380981	0.3701845109462738	-0.23406127095222473	-0.43341881036758423	0.8702663779258728
0.18679900467395782	1.4065250158309937	0.10964489728212357	0.14916099607944489	0.9328740239143372	1.0	0	0.0	0	0.0	0	0.9554042816162109	0.20222587883472443	0.2151915431022644	-0.2747260332107544	0.8989355564117432	0.3412337005138397	-0.12444031983613968	-0.38514500856399536	0.9144276976585388
0.17234599590301514	1.4575129747390747	0.11567489057779312	0.17248499393463135	0.9379600286483765	1.0	0	0.0	0	0.0	0	0.9237073659896851	0.332454651594162	0.19036458432674408	-0.4455108344554901	0.8572900891304016	0.25801920890808105	-0.07765088230371475	-0.3241158425807953	0.942825198173523
0.18330299854278564	1.314708948135376	0.15250389277935028	0.11934500187635422	0.8963509798049927	1.0	0	0.0	0	0.0	0	0.832849383354187	-0.08353886008262634	0.5471593141555786	-0.25148412585258484	0.8711651563644409	0.42169541120529175	-0.5125738978385925	-0.4894598424434662	0.7054764032363892
0.19377300143241882	1.307265043258667	0.1328388899564743	0.1110680028796196	0.9040549993515015	1.0	0	0.0	0	0.0	0	0.8843547105789185	-0.03973332792520523	0.46512147784233093	-0.26072919368743896	0.8802130818367004	0.3965417146682739	-0.4265674352645874	-0.47351446747779846	0.7705999612808228
0.1722559928894043	1.3837300539016724	0.1601828932762146	0.1502940058708191	0.9068509936332703	1.0	0	0.0	0	0.0	0	0.8740676641464233	0.09238862991333008	0.4769381582736969	-0.2792136073112488	0.8809151649475098	0.38213667273521423	-0.38491082191467285	-0.4672705829143524	0.7959283590316772
0.16811999678611755	1.2638599872589111	0.14966490864753723	0.09844899922609329	0.8809300065040588	1.0	0	0.0	0	0.0	0	0.682411253452301	-0.09696588665246964	0.72450852394104	-0.23517967760562897	0.8882474899291992	0.3945971429347992	-0.6823316216468811	-0.4400065839290619	0.583795964717865
0.17422300577163696	1.222991943359375	0.1439359039068222	0.07807900011539459	0.8757169842720032	1.0	0	0.0	0	0.0	0	0.7851345539093018	-0.2662859857082367	0.5591561198234558	-0.2439602166414261	0.640119731426239	0.7285123467445374	-0.5524879693984985	-0.7091217637062073	0.4380677342414856
0.1494559943675995	1.2083990573883057	0.17319391667842865	0.07906600087881088	0.8541799783706665	1.0	0	0.0	0	0.0	0	0.6849572062492371	0.02470562793314457	0.7281643748283386	-0.3213725984096527	0.9223552346229553	0.2144307643175125	-0.6668946743011475	-0.3812115788459778	0.6402571201324463
